cam_13_00930_jpg.rf.e535d14cce99775bea24c7f6c6301c6f.jpg 0 0.118359375 0.4618055555555556 0.03515625 0.10972222222222222 0.9594613313674927
cam_13_00930_jpg.rf.e535d14cce99775bea24c7f6c6301c6f.jpg 0 0.7203125 0.29583333333333334 0.0203125 0.058333333333333334 0.9562602043151855
cam_13_00930_jpg.rf.e535d14cce99775bea24c7f6c6301c6f.jpg 0 0.355078125 0.1986111111111111 0.01640625 0.04722222222222222 0.9514501690864563
cam_13_00930_jpg.rf.e535d14cce99775bea24c7f6c6301c6f.jpg 1 0.450390625 0.24166666666666667 0.03671875 0.06944444444444445 0.9399800896644592
cam_11_00486.jpg 0 0.52734375 0.6611111111111111 0.0328125 0.13333333333333333 0.8342113494873047
cam_11_00486.jpg 0 0.325 0.7270833333333333 0.0421875 0.15694444444444444 0.8191699385643005
cam_11_00486.jpg 0 0.536328125 0.5722222222222222 0.02890625 0.1 0.8171392679214478
cam_11_00486.jpg 0 0.3640625 0.5486111111111112 0.021875 0.07777777777777778 0.8121559023857117
cam_11_00486.jpg 0 0.42890625 0.4756944444444444 0.01875 0.07083333333333333 0.8089793920516968
cam_11_00486.jpg 0 0.458203125 0.44305555555555554 0.01640625 0.06111111111111111 0.767274796962738
cam_11_00486.jpg 0 0.50078125 0.44305555555555554 0.0171875 0.06111111111111111 0.7203342914581299
cam_11_00486.jpg 0 0.596484375 0.5597222222222222 0.03984375 0.07777777777777778 0.6501147150993347
cam_11_00486.jpg 0 0.444921875 0.41458333333333336 0.01484375 0.05416666666666667 0.5443648099899292
cam_11_00486.jpg 0 0.31953125 0.625 0.028125 0.09444444444444444 0.3989531099796295
cam_11_00486.jpg 0 0.4296875 0.42569444444444443 0.0140625 0.04583333333333333 0.29337888956069946
cam_11_00486.jpg 0 0.409765625 0.4465277777777778 0.01484375 0.05694444444444444 0.2159954458475113
cam_11_00486.jpg 0 0.477734375 0.3638888888888889 0.01328125 0.04722222222222222 0.12396588921546936
cam_11_00486.jpg 0 0.2578125 0.8659722222222223 0.0375 0.14583333333333334 0.11517831683158875
cam_11_00486.jpg 0 0.092578125 0.9520833333333333 0.05859375 0.09305555555555556 0.10180217027664185
cam_11_00486.jpg 0 0.714453125 0.875 0.09765625 0.1638888888888889 0.0733734592795372
cam_11_00486.jpg 0 0.2296875 0.90625 0.0609375 0.18194444444444444 0.06601415574550629
cam_11_00486.jpg 0 0.2640625 0.68125 0.0296875 0.10694444444444444 0.06113126501441002
cam_11_00486.jpg 0 0.519140625 0.4326388888888889 0.01484375 0.059722222222222225 0.06077386438846588
cam_11_00486.jpg 0 0.23515625 0.8986111111111111 0.0703125 0.19444444444444445 0.05309246480464935
cam_11_00486.jpg 0 0.41484375 0.4270833333333333 0.0125 0.04861111111111111 0.052484337240457535
cam_11_00486.jpg 0 0.94375 0.83125 0.0484375 0.12083333333333333 0.05116429552435875
cam_11_00486.jpg 1 0.714453125 0.875 0.09765625 0.1638888888888889 0.29485735297203064
cam_11_00957.jpg 0 0.391015625 0.9034722222222222 0.04921875 0.17083333333333334 0.840619683265686
cam_11_00957.jpg 0 0.547265625 0.9145833333333333 0.06640625 0.16527777777777777 0.8322445154190063
cam_11_00957.jpg 0 0.519921875 0.48125 0.02109375 0.0763888888888889 0.8087216019630432
cam_11_00957.jpg 0 0.42421875 0.56875 0.03125 0.10138888888888889 0.8054999709129333
cam_11_00957.jpg 0 0.321484375 0.6402777777777777 0.03046875 0.10833333333333334 0.794990062713623
cam_11_00957.jpg 0 0.428125 0.7395833333333334 0.034375 0.14305555555555555 0.7828918099403381
cam_11_00957.jpg 0 0.453125 0.4638888888888889 0.01875 0.075 0.764621913433075
cam_11_00957.jpg 0 0.417578125 0.4444444444444444 0.01953125 0.06944444444444445 0.7512251138687134
cam_11_00957.jpg 0 0.3640625 0.5506944444444445 0.0234375 0.07916666666666666 0.7247833609580994
cam_11_00957.jpg 0 0.433984375 0.64375 0.03515625 0.11527777777777778 0.7197688817977905
cam_11_00957.jpg 0 0.622265625 0.6118055555555556 0.02734375 0.09583333333333334 0.5540085434913635
cam_11_00957.jpg 0 0.246484375 0.8888888888888888 0.06796875 0.18611111111111112 0.2892487645149231
cam_11_00957.jpg 0 0.2703125 0.6756944444444445 0.034375 0.09861111111111111 0.27990078926086426
cam_11_00957.jpg 0 0.245703125 0.86875 0.06328125 0.14583333333333334 0.22580604255199432
cam_11_00957.jpg 0 0.5046875 0.40069444444444446 0.015625 0.05694444444444444 0.21328772604465485
cam_11_00957.jpg 0 0.9890625 0.9368055555555556 0.0203125 0.10972222222222222 0.16138166189193726
cam_11_00957.jpg 0 0.519921875 0.41458333333333336 0.01484375 0.05416666666666667 0.1171288788318634
cam_11_00957.jpg 0 0.557421875 0.5430555555555555 0.02734375 0.1111111111111111 0.11556048691272736
cam_11_00957.jpg 0 0.302734375 0.9229166666666667 0.06484375 0.15138888888888888 0.10944896191358566
cam_11_00957.jpg 0 0.43828125 0.4361111111111111 0.0140625 0.06111111111111111 0.09850333631038666
cam_11_00957.jpg 0 0.467578125 0.42986111111111114 0.01640625 0.06527777777777778 0.06784161180257797
cam_11_00957.jpg 0 0.398046875 0.4326388888888889 0.01484375 0.06805555555555555 0.05512627214193344
cam_11_00957.jpg 0 0.245703125 0.9270833333333334 0.06953125 0.14305555555555555 0.05418016389012337
cam_11_00957.jpg 0 0.208203125 0.8666666666666667 0.03359375 0.12222222222222222 0.051664792001247406
cam_11_00957.jpg 0 0.7125 0.8729166666666667 0.0953125 0.1736111111111111 0.05051499232649803
cam_11_00957.jpg 1 0.246484375 0.8888888888888888 0.06796875 0.18611111111111112 0.10360412299633026
cam_11_00957.jpg 1 0.7125 0.8729166666666667 0.0953125 0.1736111111111111 0.09319359809160233
cam_11_00957.jpg 1 0.245703125 0.86875 0.06328125 0.14583333333333334 0.056652169674634933
cam_13_00422_jpg.rf.505a75371d48bdbf5adc30b5d648e844.jpg 0 0.151953125 0.46944444444444444 0.03515625 0.09444444444444444 0.9665684700012207
cam_13_00422_jpg.rf.505a75371d48bdbf5adc30b5d648e844.jpg 0 0.93046875 0.5243055555555556 0.04375 0.09305555555555556 0.9660273790359497
cam_13_00422_jpg.rf.505a75371d48bdbf5adc30b5d648e844.jpg 0 0.05859375 0.4701388888888889 0.040625 0.10416666666666667 0.9646844863891602
cam_13_00422_jpg.rf.505a75371d48bdbf5adc30b5d648e844.jpg 0 0.927734375 0.6243055555555556 0.04609375 0.12361111111111112 0.962712287902832
cam_13_00422_jpg.rf.505a75371d48bdbf5adc30b5d648e844.jpg 0 0.740625 0.30694444444444446 0.021875 0.06666666666666667 0.9552744626998901
cam_13_00062_jpg.rf.b9b58e80f0599ee5c2584e57892bf0c1.jpg 0 0.348046875 0.21944444444444444 0.01640625 0.05 0.9331439733505249
cam_13_00062_jpg.rf.b9b58e80f0599ee5c2584e57892bf0c1.jpg 3 0.618359375 0.28958333333333336 0.05546875 0.12361111111111112 0.9634556770324707
cam_13_00647_jpg.rf.6a2e6d19264e286b275b78bfd4c66306.jpg 0 0.70390625 0.27361111111111114 0.01875 0.058333333333333334 0.943732500076294
cam_13_00647_jpg.rf.6a2e6d19264e286b275b78bfd4c66306.jpg 0 0.7546875 0.3368055555555556 0.0203125 0.10138888888888889 0.8983398675918579
cam_13_00647_jpg.rf.6a2e6d19264e286b275b78bfd4c66306.jpg 0 0.164453125 0.38263888888888886 0.01953125 0.06805555555555555 0.8471990823745728
cam_13_00647_jpg.rf.6a2e6d19264e286b275b78bfd4c66306.jpg 0 0.41875 0.21597222222222223 0.0328125 0.059722222222222225 0.8425560593605042
cam_13_00647_jpg.rf.6a2e6d19264e286b275b78bfd4c66306.jpg 0 0.755078125 0.3138888888888889 0.02109375 0.058333333333333334 0.07598001509904861
cam_13_00647_jpg.rf.6a2e6d19264e286b275b78bfd4c66306.jpg 1 0.36484375 0.7631944444444444 0.1203125 0.26805555555555555 0.9592798948287964
cam_13_00647_jpg.rf.6a2e6d19264e286b275b78bfd4c66306.jpg 1 0.41875 0.21597222222222223 0.0328125 0.059722222222222225 0.06840692460536957
cam_13_00647_jpg.rf.6a2e6d19264e286b275b78bfd4c66306.jpg 3 0.32109375 0.3701388888888889 0.1578125 0.31805555555555554 0.9611365795135498
cam_11_01064.jpg 0 0.51640625 0.5965277777777778 0.0296875 0.10972222222222222 0.8413220047950745
cam_11_01064.jpg 0 0.551953125 0.5423611111111111 0.02265625 0.09027777777777778 0.8321937918663025
cam_11_01064.jpg 0 0.576171875 0.8 0.04609375 0.1638888888888889 0.8228743076324463
cam_11_01064.jpg 0 0.419140625 0.6138888888888889 0.03046875 0.11666666666666667 0.8177834153175354
cam_11_01064.jpg 0 0.5703125 0.6881944444444444 0.0375 0.1125 0.8142021894454956
cam_11_01064.jpg 0 0.319921875 0.6444444444444445 0.02890625 0.10277777777777777 0.7793160676956177
cam_11_01064.jpg 0 0.36484375 0.5458333333333333 0.021875 0.07222222222222222 0.7758421897888184
cam_11_01064.jpg 0 0.267578125 0.68125 0.03984375 0.09583333333333334 0.6775452494621277
cam_11_01064.jpg 0 0.25859375 0.8611111111111112 0.040625 0.14444444444444443 0.49708762764930725
cam_11_01064.jpg 0 0.98984375 0.9395833333333333 0.01875 0.10972222222222222 0.2348581701517105
cam_11_01064.jpg 0 0.21953125 0.9020833333333333 0.0453125 0.13194444444444445 0.1662093997001648
cam_11_01064.jpg 0 0.4578125 0.41180555555555554 0.015625 0.05694444444444444 0.15357805788516998
cam_11_01064.jpg 0 0.43515625 0.45069444444444445 0.0171875 0.07083333333333333 0.1266118884086609
cam_11_01064.jpg 0 0.7140625 0.8763888888888889 0.0953125 0.18611111111111112 0.06551118195056915
cam_11_01064.jpg 0 0.94453125 0.8381944444444445 0.0421875 0.10972222222222222 0.05401055887341499
cam_11_01064.jpg 1 0.7140625 0.8763888888888889 0.0953125 0.18611111111111112 0.10389075428247452
cam_11_01064.jpg 3 0.166015625 0.6743055555555556 0.18984375 0.1625 0.05649249628186226
cam_13_00090_jpg.rf.e4263ef361950717e6303b8bf92f8736.jpg 0 0.68828125 0.30486111111111114 0.015625 0.059722222222222225 0.9408128261566162
cam_13_00090_jpg.rf.e4263ef361950717e6303b8bf92f8736.jpg 0 0.6359375 0.21458333333333332 0.015625 0.04583333333333333 0.9391505122184753
cam_13_00090_jpg.rf.e4263ef361950717e6303b8bf92f8736.jpg 0 0.359375 0.22708333333333333 0.0140625 0.05694444444444444 0.9252679944038391
cam_13_00090_jpg.rf.e4263ef361950717e6303b8bf92f8736.jpg 0 0.698828125 0.24027777777777778 0.01328125 0.041666666666666664 0.915921688079834
cam_13_00090_jpg.rf.e4263ef361950717e6303b8bf92f8736.jpg 0 0.772265625 0.42916666666666664 0.02578125 0.09166666666666666 0.5636098384857178
cam_13_00090_jpg.rf.e4263ef361950717e6303b8bf92f8736.jpg 1 0.565625 0.32569444444444445 0.0515625 0.09305555555555556 0.9501023888587952
cam_13_00652_jpg.rf.4fd2e75286c2b8664b8ffd21583ef693.jpg 0 0.7421875 0.3402777777777778 0.0328125 0.075 0.9612290859222412
cam_13_00652_jpg.rf.4fd2e75286c2b8664b8ffd21583ef693.jpg 0 0.33125 0.21597222222222223 0.0171875 0.043055555555555555 0.9466894865036011
cam_13_00652_jpg.rf.4fd2e75286c2b8664b8ffd21583ef693.jpg 1 0.371484375 0.3326388888888889 0.06171875 0.08472222222222223 0.9534241557121277
cam_11_00820.jpg 0 0.61875 0.8930555555555556 0.059375 0.19722222222222222 0.855529248714447
cam_11_00820.jpg 0 0.439453125 0.6868055555555556 0.03359375 0.15138888888888888 0.8473086953163147
cam_11_00820.jpg 0 0.521875 0.5333333333333333 0.0234375 0.09722222222222222 0.8276407122612
cam_11_00820.jpg 0 0.320703125 0.6395833333333333 0.02890625 0.09861111111111111 0.7841846346855164
cam_11_00820.jpg 0 0.42265625 0.5354166666666667 0.0265625 0.09027777777777778 0.7704228758811951
cam_11_00820.jpg 0 0.3640625 0.5451388888888888 0.0234375 0.07083333333333333 0.7659199237823486
cam_11_00820.jpg 0 0.450390625 0.42430555555555555 0.01484375 0.05694444444444444 0.7527083158493042
cam_11_00820.jpg 0 0.4796875 0.40694444444444444 0.0171875 0.05555555555555555 0.7369753122329712
cam_11_00820.jpg 0 0.41640625 0.46041666666666664 0.01875 0.06805555555555555 0.7167952656745911
cam_11_00820.jpg 0 0.505078125 0.41458333333333336 0.01796875 0.059722222222222225 0.6473267674446106
cam_11_00820.jpg 0 0.533984375 0.4388888888888889 0.01796875 0.06388888888888888 0.30831846594810486
cam_11_00820.jpg 0 0.626171875 0.6368055555555555 0.03046875 0.09583333333333334 0.16836366057395935
cam_11_00820.jpg 0 0.363671875 0.6479166666666667 0.03046875 0.10694444444444444 0.15575893223285675
cam_11_00820.jpg 0 0.2640625 0.6833333333333333 0.03125 0.10277777777777777 0.14963994920253754
cam_11_00820.jpg 0 0.990234375 0.9402777777777778 0.01796875 0.10277777777777777 0.12142015993595123
cam_11_00820.jpg 0 0.2578125 0.8638888888888889 0.0375 0.14166666666666666 0.10925260186195374
cam_11_00820.jpg 0 0.071484375 0.9534722222222223 0.06484375 0.09027777777777778 0.10721158981323242
cam_11_00820.jpg 0 0.453515625 0.3736111111111111 0.01171875 0.044444444444444446 0.10074540227651596
cam_11_00820.jpg 0 0.22421875 0.9180555555555555 0.053125 0.16111111111111112 0.06938735395669937
cam_11_00820.jpg 0 0.430859375 0.3861111111111111 0.01484375 0.05 0.055856626480817795
cam_11_00820.jpg 1 0.7125 0.8756944444444444 0.090625 0.1763888888888889 0.10618723183870316
cam_11_00895.jpg 0 0.59765625 0.8965277777777778 0.0546875 0.18472222222222223 0.8546513319015503
cam_11_00895.jpg 0 0.42890625 0.7388888888888889 0.0421875 0.16111111111111112 0.8451778888702393
cam_11_00895.jpg 0 0.484375 0.4888888888888889 0.021875 0.07777777777777778 0.8189588189125061
cam_11_00895.jpg 0 0.526171875 0.5708333333333333 0.02265625 0.10555555555555556 0.8148420453071594
cam_11_00895.jpg 0 0.45625 0.9326388888888889 0.0609375 0.13194444444444445 0.8090915083885193
cam_11_00895.jpg 0 0.51640625 0.48125 0.01875 0.06527777777777778 0.6408461332321167
cam_11_00895.jpg 0 0.49609375 0.4041666666666667 0.015625 0.05555555555555555 0.5538034439086914
cam_11_00895.jpg 0 0.319921875 0.6381944444444444 0.03046875 0.10694444444444444 0.43143001198768616
cam_11_00895.jpg 0 0.254296875 0.8645833333333334 0.04453125 0.14583333333333334 0.32582759857177734
cam_11_00895.jpg 0 0.269921875 0.6743055555555556 0.03359375 0.09583333333333334 0.2915571928024292
cam_11_00895.jpg 0 0.51953125 0.5201388888888889 0.015625 0.0625 0.2634635269641876
cam_11_00895.jpg 0 0.415234375 0.45 0.01796875 0.06388888888888888 0.25695496797561646
cam_11_00895.jpg 0 0.356640625 0.6125 0.03203125 0.1111111111111111 0.2090463787317276
cam_11_00895.jpg 0 0.98984375 0.9402777777777778 0.01875 0.10833333333333334 0.16160354018211365
cam_11_00895.jpg 0 0.419140625 0.4340277777777778 0.01796875 0.06805555555555555 0.14932003617286682
cam_11_00895.jpg 0 0.2234375 0.9305555555555556 0.0578125 0.1388888888888889 0.12505608797073364
cam_11_00895.jpg 0 0.22265625 0.9444444444444444 0.059375 0.10833333333333334 0.11542198807001114
cam_11_00895.jpg 0 0.5171875 0.5 0.0203125 0.09722222222222222 0.08891984820365906
cam_11_00895.jpg 0 0.364453125 0.5395833333333333 0.01796875 0.05694444444444444 0.07558352500200272
cam_11_00895.jpg 0 0.5234375 0.43125 0.021875 0.06805555555555555 0.06914824992418289
cam_11_00895.jpg 0 0.2578125 0.6777777777777778 0.0375 0.09722222222222222 0.06318764388561249
cam_11_00895.jpg 0 0.3390625 0.6152777777777778 0.0359375 0.10555555555555556 0.054935604333877563
cam_11_00895.jpg 0 0.712890625 0.8777777777777778 0.09453125 0.18611111111111112 0.051106132566928864
cam_11_00895.jpg 1 0.712890625 0.8777777777777778 0.09453125 0.18611111111111112 0.07310193032026291
cam_13_00348_jpg.rf.7d4d7030f53faa4c096bf2c2388c07f3.jpg 0 0.53515625 0.15416666666666667 0.0296875 0.06388888888888888 0.48290514945983887
cam_13_00348_jpg.rf.7d4d7030f53faa4c096bf2c2388c07f3.jpg 1 0.53515625 0.15416666666666667 0.0296875 0.06388888888888888 0.30184218287467957
cam_13_00348_jpg.rf.7d4d7030f53faa4c096bf2c2388c07f3.jpg 3 0.53515625 0.15416666666666667 0.0296875 0.06388888888888888 0.34961575269699097
cam_13_00135_jpg.rf.4a0f217ac4a92f3987903e21379761f1.jpg 0 0.302734375 0.26180555555555557 0.02109375 0.0625 0.9570904970169067
cam_13_00135_jpg.rf.4a0f217ac4a92f3987903e21379761f1.jpg 0 0.448046875 0.27291666666666664 0.01484375 0.059722222222222225 0.9098978638648987
cam_13_00864_jpg.rf.86f197bd74d33c0387669e667f58d52e.jpg 0 0.25859375 0.29791666666666666 0.0234375 0.07361111111111111 0.9611480236053467
cam_13_00864_jpg.rf.86f197bd74d33c0387669e667f58d52e.jpg 0 0.67578125 0.25 0.015625 0.04722222222222222 0.9468175768852234
cam_13_00864_jpg.rf.86f197bd74d33c0387669e667f58d52e.jpg 0 0.34921875 0.18125 0.0109375 0.03194444444444444 0.9097505807876587
cam_13_00864_jpg.rf.86f197bd74d33c0387669e667f58d52e.jpg 0 0.69140625 0.27847222222222223 0.0140625 0.05138888888888889 0.8933953642845154
cam_13_00864_jpg.rf.86f197bd74d33c0387669e667f58d52e.jpg 3 0.466015625 0.19652777777777777 0.04765625 0.15416666666666667 0.9230706095695496
cam_13_00685_jpg.rf.a525ec594482b439d4807c8722041f01.jpg 0 0.245703125 0.35555555555555557 0.03515625 0.1 0.9645056128501892
cam_13_00685_jpg.rf.a525ec594482b439d4807c8722041f01.jpg 0 0.691796875 0.2652777777777778 0.02109375 0.05555555555555555 0.9485594034194946
cam_13_00685_jpg.rf.a525ec594482b439d4807c8722041f01.jpg 0 0.341015625 0.23333333333333334 0.01640625 0.05 0.9372761845588684
cam_13_00685_jpg.rf.a525ec594482b439d4807c8722041f01.jpg 0 0.46953125 0.21458333333333332 0.0265625 0.05138888888888889 0.7042660117149353
cam_13_00685_jpg.rf.a525ec594482b439d4807c8722041f01.jpg 0 0.69609375 0.8784722222222222 0.1984375 0.24027777777777778 0.05973433330655098
cam_13_00685_jpg.rf.a525ec594482b439d4807c8722041f01.jpg 1 0.69609375 0.8784722222222222 0.1984375 0.24027777777777778 0.11453936994075775
cam_13_00685_jpg.rf.a525ec594482b439d4807c8722041f01.jpg 2 0.69609375 0.8784722222222222 0.1984375 0.24027777777777778 0.06508778780698776
cam_13_00685_jpg.rf.a525ec594482b439d4807c8722041f01.jpg 3 0.422265625 0.18333333333333332 0.04296875 0.10833333333333334 0.9444001913070679
cam_13_00685_jpg.rf.a525ec594482b439d4807c8722041f01.jpg 3 0.69609375 0.8784722222222222 0.1984375 0.24027777777777778 0.28359419107437134
cam_13_00622_jpg.rf.f5b74d0d7952b25ccd7e1b708773bad9.jpg 0 0.285546875 0.30833333333333335 0.02421875 0.04722222222222222 0.90114825963974
cam_13_00622_jpg.rf.f5b74d0d7952b25ccd7e1b708773bad9.jpg 0 0.557421875 0.17291666666666666 0.02109375 0.03194444444444444 0.7562381625175476
cam_13_00622_jpg.rf.f5b74d0d7952b25ccd7e1b708773bad9.jpg 0 0.362109375 0.1951388888888889 0.02890625 0.043055555555555555 0.09598836302757263
cam_13_00622_jpg.rf.f5b74d0d7952b25ccd7e1b708773bad9.jpg 1 0.557421875 0.17291666666666666 0.02109375 0.03194444444444444 0.16012875735759735
cam_13_00622_jpg.rf.f5b74d0d7952b25ccd7e1b708773bad9.jpg 1 0.362109375 0.1951388888888889 0.02890625 0.043055555555555555 0.06053478270769119
cam_13_00008_jpg.rf.199d6e3a525570527cbfccba8938e07a.jpg 0 0.30703125 0.26458333333333334 0.0234375 0.06805555555555555 0.9552710056304932
cam_13_00008_jpg.rf.199d6e3a525570527cbfccba8938e07a.jpg 0 0.380859375 0.19652777777777777 0.01171875 0.03194444444444444 0.9223323464393616
cam_13_00008_jpg.rf.199d6e3a525570527cbfccba8938e07a.jpg 0 0.357421875 0.18680555555555556 0.01171875 0.03194444444444444 0.8990458846092224
cam_13_00008_jpg.rf.199d6e3a525570527cbfccba8938e07a.jpg 0 0.650390625 0.21597222222222223 0.01015625 0.029166666666666667 0.8898504972457886
cam_13_00008_jpg.rf.199d6e3a525570527cbfccba8938e07a.jpg 0 0.03125 0.5465277777777777 0.0453125 0.11805555555555555 0.7830538749694824
cam_11_00282.jpg 0 0.545703125 0.6791666666666667 0.03359375 0.13333333333333333 0.8424110412597656
cam_11_00282.jpg 0 0.43125 0.65625 0.0359375 0.1375 0.8352555632591248
cam_11_00282.jpg 0 0.466796875 0.44930555555555557 0.01796875 0.06805555555555555 0.7901392579078674
cam_11_00282.jpg 0 0.321484375 0.6354166666666666 0.02890625 0.10694444444444444 0.7874587178230286
cam_11_00282.jpg 0 0.5015625 0.42986111111111114 0.0171875 0.059722222222222225 0.7458096742630005
cam_11_00282.jpg 0 0.41796875 0.5006944444444444 0.0203125 0.08194444444444444 0.7445706129074097
cam_11_00282.jpg 0 0.36328125 0.5465277777777777 0.0234375 0.0763888888888889 0.7441515326499939
cam_11_00282.jpg 0 0.264453125 0.6798611111111111 0.03046875 0.10416666666666667 0.39122650027275085
cam_11_00282.jpg 0 0.351171875 0.59375 0.02265625 0.07083333333333333 0.30054473876953125
cam_11_00282.jpg 0 0.25859375 0.8590277777777777 0.0359375 0.14305555555555555 0.2862873077392578
cam_11_00282.jpg 0 0.51953125 0.41875 0.0171875 0.059722222222222225 0.19880373775959015
cam_11_00282.jpg 0 0.422265625 0.4409722222222222 0.01640625 0.0625 0.1800575852394104
cam_11_00282.jpg 0 0.22578125 0.9125 0.053125 0.1638888888888889 0.17548929154872894
cam_11_00282.jpg 0 0.588671875 0.5416666666666666 0.04296875 0.09166666666666666 0.16105219721794128
cam_11_00282.jpg 0 0.5953125 0.5444444444444444 0.03125 0.09166666666666666 0.12330637872219086
cam_11_00282.jpg 0 0.575 0.5423611111111111 0.0234375 0.08194444444444444 0.09916523098945618
cam_11_00282.jpg 0 0.433984375 0.4201388888888889 0.01171875 0.05138888888888889 0.08538474887609482
cam_11_00282.jpg 0 0.580859375 0.5409722222222222 0.03203125 0.0875 0.06627610325813293
cam_11_00282.jpg 0 0.421875 0.43472222222222223 0.015625 0.06388888888888888 0.0621270127594471
cam_11_00282.jpg 0 0.381640625 0.4444444444444444 0.01953125 0.06944444444444445 0.057684581726789474
cam_11_00282.jpg 0 0.353125 0.5784722222222223 0.0203125 0.08194444444444444 0.054909370839595795
cam_11_00282.jpg 0 0.94140625 0.8319444444444445 0.0484375 0.11944444444444445 0.052417971193790436
cam_11_00282.jpg 0 0.35859375 0.5805555555555556 0.0171875 0.08333333333333333 0.050807807594537735
cam_11_00282.jpg 1 0.46171875 0.3993055555555556 0.028125 0.04583333333333333 0.31282562017440796
cam_11_00282.jpg 1 0.7140625 0.8763888888888889 0.0984375 0.16666666666666666 0.09214314073324203
cam_11_00282.jpg 1 0.22578125 0.9125 0.053125 0.1638888888888889 0.061310697346925735
cam_13_00101_jpg.rf.15b3fa91cef449a544ae1383df6c44d3.jpg 0 0.848046875 0.4305555555555556 0.03359375 0.08333333333333333 0.965564489364624
cam_13_00101_jpg.rf.15b3fa91cef449a544ae1383df6c44d3.jpg 0 0.736328125 0.3347222222222222 0.01640625 0.075 0.957420825958252
cam_13_00101_jpg.rf.15b3fa91cef449a544ae1383df6c44d3.jpg 0 0.704296875 0.2673611111111111 0.01796875 0.0625 0.9522561430931091
cam_13_00101_jpg.rf.15b3fa91cef449a544ae1383df6c44d3.jpg 0 0.651953125 0.2465277777777778 0.01484375 0.04861111111111111 0.9397050738334656
cam_13_00101_jpg.rf.15b3fa91cef449a544ae1383df6c44d3.jpg 0 0.66484375 0.23680555555555555 0.0125 0.04861111111111111 0.9268136620521545
cam_13_00101_jpg.rf.15b3fa91cef449a544ae1383df6c44d3.jpg 1 0.543359375 0.23472222222222222 0.03046875 0.05 0.942096471786499
cam_13_00132_jpg.rf.98f90203c3203d2c099b8f9f0fce42aa.jpg 0 0.21328125 0.3854166666666667 0.028125 0.10138888888888889 0.9655512571334839
cam_13_00132_jpg.rf.98f90203c3203d2c099b8f9f0fce42aa.jpg 0 0.359765625 0.19722222222222222 0.01953125 0.05555555555555555 0.9512984752655029
cam_13_00243_jpg.rf.8c6548bb5b031b7bd67c07d69bdeefda.jpg 0 0.21015625 0.3888888888888889 0.028125 0.08611111111111111 0.962883472442627
cam_13_00243_jpg.rf.8c6548bb5b031b7bd67c07d69bdeefda.jpg 0 0.728125 0.3277777777777778 0.025 0.06944444444444445 0.9533437490463257
cam_13_00243_jpg.rf.8c6548bb5b031b7bd67c07d69bdeefda.jpg 3 0.283203125 0.7375 0.24765625 0.5222222222222223 0.5624050498008728
cam_13_00948_jpg.rf.b34f36291abcaef832b73af14ca69aa2.jpg 0 0.1296875 0.41944444444444445 0.0375 0.10277777777777777 0.9655677080154419
cam_13_00948_jpg.rf.b34f36291abcaef832b73af14ca69aa2.jpg 0 0.979296875 0.5861111111111111 0.03984375 0.11944444444444445 0.9605916738510132
cam_13_00948_jpg.rf.b34f36291abcaef832b73af14ca69aa2.jpg 0 0.291015625 0.30625 0.02109375 0.07083333333333333 0.9596616625785828
cam_13_00948_jpg.rf.b34f36291abcaef832b73af14ca69aa2.jpg 0 0.278515625 0.27847222222222223 0.01484375 0.04861111111111111 0.9073756337165833
cam_13_00948_jpg.rf.b34f36291abcaef832b73af14ca69aa2.jpg 1 0.30078125 0.4930555555555556 0.090625 0.15833333333333333 0.9573501348495483
cam_13_00948_jpg.rf.b34f36291abcaef832b73af14ca69aa2.jpg 1 0.542578125 0.20555555555555555 0.03828125 0.09444444444444444 0.9186561107635498
cam_13_00948_jpg.rf.b34f36291abcaef832b73af14ca69aa2.jpg 2 0.542578125 0.20625 0.03828125 0.09583333333333334 0.08721776306629181
cam_13_00948_jpg.rf.b34f36291abcaef832b73af14ca69aa2.jpg 3 0.542578125 0.20625 0.03828125 0.09583333333333334 0.10104222595691681
cam_13_00987_jpg.rf.70e4f94966558d6f65918bfd346d19e2.jpg 0 0.806640625 0.42083333333333334 0.03203125 0.08888888888888889 0.9646438956260681
cam_13_00987_jpg.rf.70e4f94966558d6f65918bfd346d19e2.jpg 0 0.241015625 0.34375 0.01953125 0.07083333333333333 0.9506563544273376
cam_13_00987_jpg.rf.70e4f94966558d6f65918bfd346d19e2.jpg 0 0.701953125 0.2972222222222222 0.01796875 0.05555555555555555 0.9493183493614197
cam_13_00987_jpg.rf.70e4f94966558d6f65918bfd346d19e2.jpg 0 0.689453125 0.2701388888888889 0.01328125 0.043055555555555555 0.9443308711051941
cam_13_00987_jpg.rf.70e4f94966558d6f65918bfd346d19e2.jpg 1 0.39609375 0.5222222222222223 0.0890625 0.16666666666666666 0.9605199694633484
cam_11_00939.jpg 0 0.383984375 0.7736111111111111 0.04140625 0.175 0.8414011001586914
cam_11_00939.jpg 0 0.53828125 0.5756944444444444 0.028125 0.1125 0.8385533094406128
cam_11_00939.jpg 0 0.53515625 0.8194444444444444 0.040625 0.18611111111111112 0.8272349834442139
cam_11_00939.jpg 0 0.526953125 0.4597222222222222 0.01796875 0.06666666666666667 0.7957438826560974
cam_11_00939.jpg 0 0.39296875 0.6048611111111111 0.03125 0.1125 0.7929853796958923
cam_11_00939.jpg 0 0.496484375 0.43680555555555556 0.01796875 0.06527777777777778 0.788803219795227
cam_11_00939.jpg 0 0.363671875 0.5465277777777777 0.02265625 0.0763888888888889 0.7873737215995789
cam_11_00939.jpg 0 0.320703125 0.6402777777777777 0.03046875 0.10277777777777777 0.7840273380279541
cam_11_00939.jpg 0 0.30859375 0.8326388888888889 0.046875 0.1763888888888889 0.7032932043075562
cam_11_00939.jpg 0 0.26953125 0.6736111111111112 0.034375 0.09166666666666666 0.6844017505645752
cam_11_00939.jpg 0 0.3046875 0.9340277777777778 0.04375 0.12083333333333333 0.34372273087501526
cam_11_00939.jpg 0 0.56484375 0.9326388888888889 0.0484375 0.12083333333333333 0.27188530564308167
cam_11_00939.jpg 0 0.989453125 0.9368055555555556 0.01953125 0.10694444444444444 0.18659842014312744
cam_11_00939.jpg 0 0.6140625 0.7805555555555556 0.0421875 0.18611111111111112 0.16734667122364044
cam_11_00939.jpg 0 0.257421875 0.8625 0.03828125 0.1388888888888889 0.15117275714874268
cam_11_00939.jpg 0 0.41015625 0.45069444444444445 0.015625 0.05694444444444444 0.14451318979263306
cam_11_00939.jpg 0 0.53359375 0.7548611111111111 0.0359375 0.10416666666666667 0.11881010979413986
cam_11_00939.jpg 0 0.221875 0.91875 0.05625 0.1597222222222222 0.1067514643073082
cam_11_00939.jpg 0 0.41953125 0.4361111111111111 0.0171875 0.06388888888888888 0.10287715494632721
cam_11_00939.jpg 0 0.45859375 0.4041666666666667 0.028125 0.058333333333333334 0.07969367504119873
cam_11_00939.jpg 0 0.5421875 0.8020833333333334 0.025 0.19027777777777777 0.07076667249202728
cam_11_00939.jpg 0 0.21796875 0.9465277777777777 0.0546875 0.10416666666666667 0.06710970401763916
cam_11_00939.jpg 0 0.507421875 0.375 0.01484375 0.05277777777777778 0.06602469086647034
cam_11_00939.jpg 0 0.6265625 0.5423611111111111 0.028125 0.0875 0.050042394548654556
cam_11_00939.jpg 1 0.45859375 0.4041666666666667 0.028125 0.058333333333333334 0.24878469109535217
cam_11_00939.jpg 1 0.71328125 0.8715277777777778 0.09375 0.17083333333333334 0.15438500046730042
cam_13_00327_jpg.rf.bde7b8552316987326863534cad059a3.jpg 0 0.115234375 0.45694444444444443 0.03984375 0.10555555555555556 0.9658365249633789
cam_13_00327_jpg.rf.bde7b8552316987326863534cad059a3.jpg 0 0.85390625 0.4354166666666667 0.03125 0.10138888888888889 0.9650031328201294
cam_13_00327_jpg.rf.bde7b8552316987326863534cad059a3.jpg 0 0.17890625 0.4444444444444444 0.0375 0.1 0.9601122140884399
cam_13_00327_jpg.rf.bde7b8552316987326863534cad059a3.jpg 0 0.984375 0.5868055555555556 0.0296875 0.10694444444444444 0.9513237476348877
cam_13_00327_jpg.rf.bde7b8552316987326863534cad059a3.jpg 0 0.773828125 0.30625 0.01640625 0.04861111111111111 0.9437814354896545
cam_13_00327_jpg.rf.bde7b8552316987326863534cad059a3.jpg 0 0.27578125 0.3145833333333333 0.0171875 0.0763888888888889 0.9370745420455933
cam_13_00327_jpg.rf.bde7b8552316987326863534cad059a3.jpg 0 0.760546875 0.3194444444444444 0.01953125 0.05 0.9291734099388123
cam_13_00327_jpg.rf.bde7b8552316987326863534cad059a3.jpg 0 0.31328125 0.2152777777777778 0.009375 0.030555555555555555 0.8793705701828003
cam_13_00327_jpg.rf.bde7b8552316987326863534cad059a3.jpg 0 0.998046875 0.5888888888888889 0.00390625 0.1111111111111111 0.055658482015132904
cam_13_00327_jpg.rf.bde7b8552316987326863534cad059a3.jpg 1 0.38359375 0.38263888888888886 0.059375 0.09305555555555556 0.9464882612228394
cam_13_00327_jpg.rf.bde7b8552316987326863534cad059a3.jpg 3 0.678515625 0.2388888888888889 0.08828125 0.1361111111111111 0.9599970579147339
cam_11_00955.jpg 0 0.425 0.8833333333333333 0.0515625 0.19166666666666668 0.8461854457855225
cam_11_00955.jpg 0 0.39609375 0.6965277777777777 0.034375 0.14305555555555555 0.8380078077316284
cam_11_00955.jpg 0 0.443359375 0.6305555555555555 0.02890625 0.125 0.8186380863189697
cam_11_00955.jpg 0 0.533203125 0.6125 0.03203125 0.125 0.7998103499412537
cam_11_00955.jpg 0 0.319921875 0.6423611111111112 0.02890625 0.1125 0.7893251180648804
cam_11_00955.jpg 0 0.450390625 0.5034722222222222 0.02421875 0.0875 0.7786421775817871
cam_11_00955.jpg 0 0.62265625 0.6138888888888889 0.0265625 0.10277777777777777 0.7077853083610535
cam_11_00955.jpg 0 0.3640625 0.5472222222222223 0.025 0.08055555555555556 0.703815758228302
cam_11_00955.jpg 0 0.428515625 0.5486111111111112 0.02421875 0.09444444444444444 0.6963086128234863
cam_11_00955.jpg 0 0.41796875 0.44305555555555554 0.01875 0.06944444444444445 0.6618036031723022
cam_11_00955.jpg 0 0.249609375 0.8972222222222223 0.07578125 0.2 0.5868039727210999
cam_11_00955.jpg 0 0.4578125 0.4263888888888889 0.015625 0.05555555555555555 0.3003183603286743
cam_11_00955.jpg 0 0.2671875 0.6763888888888889 0.03125 0.1 0.23663295805454254
cam_11_00955.jpg 0 0.98984375 0.9409722222222222 0.01875 0.10694444444444444 0.12331241369247437
cam_11_00955.jpg 0 0.428515625 0.5319444444444444 0.02109375 0.07222222222222222 0.11367246508598328
cam_11_00955.jpg 0 0.51171875 0.4097222222222222 0.0234375 0.06666666666666667 0.1113053411245346
cam_11_00955.jpg 0 0.252734375 0.8625 0.05546875 0.1388888888888889 0.09768760949373245
cam_11_00955.jpg 0 0.43125 0.5229166666666667 0.01875 0.0625 0.09277860820293427
cam_11_00955.jpg 0 0.437890625 0.4305555555555556 0.01484375 0.05555555555555555 0.09099332243204117
cam_11_00955.jpg 0 0.553515625 0.5402777777777777 0.03046875 0.10555555555555556 0.08033217489719391
cam_11_00955.jpg 0 0.0875 0.9472222222222222 0.0765625 0.10277777777777777 0.07432202249765396
cam_11_00955.jpg 0 0.714453125 0.8743055555555556 0.09609375 0.17916666666666667 0.06655552983283997
cam_11_00955.jpg 0 0.25078125 0.9416666666666667 0.078125 0.11388888888888889 0.06633903831243515
cam_11_00955.jpg 0 0.072265625 0.9548611111111112 0.05859375 0.0875 0.05830024555325508
cam_11_00955.jpg 0 0.449609375 0.4701388888888889 0.02109375 0.05138888888888889 0.05580545589327812
cam_11_00955.jpg 1 0.714453125 0.8743055555555556 0.09609375 0.17916666666666667 0.10630854219198227
cam_11_00955.jpg 1 0.249609375 0.8972222222222223 0.07578125 0.2 0.06361982971429825
cam_13_00068_jpg.rf.2dd00032551f4e2d889d1d8cef5aae69.jpg 0 0.252734375 0.34097222222222223 0.02421875 0.08194444444444444 0.9600168466567993
cam_13_00068_jpg.rf.2dd00032551f4e2d889d1d8cef5aae69.jpg 0 0.298046875 0.2763888888888889 0.01953125 0.06388888888888888 0.9543218016624451
cam_13_00068_jpg.rf.2dd00032551f4e2d889d1d8cef5aae69.jpg 0 0.70546875 0.27569444444444446 0.01875 0.05416666666666667 0.9535431265830994
cam_13_00068_jpg.rf.2dd00032551f4e2d889d1d8cef5aae69.jpg 0 0.694140625 0.28888888888888886 0.01640625 0.05555555555555555 0.9299038648605347
cam_13_00068_jpg.rf.2dd00032551f4e2d889d1d8cef5aae69.jpg 0 0.56953125 0.17847222222222223 0.0296875 0.06805555555555555 0.07373391836881638
cam_13_00068_jpg.rf.2dd00032551f4e2d889d1d8cef5aae69.jpg 1 0.56953125 0.17847222222222223 0.0296875 0.06805555555555555 0.10786353796720505
cam_13_00068_jpg.rf.2dd00032551f4e2d889d1d8cef5aae69.jpg 2 0.56953125 0.17847222222222223 0.0296875 0.06805555555555555 0.07361432909965515
cam_13_00068_jpg.rf.2dd00032551f4e2d889d1d8cef5aae69.jpg 3 0.35078125 0.73125 0.2046875 0.5319444444444444 0.9646077156066895
cam_13_00068_jpg.rf.2dd00032551f4e2d889d1d8cef5aae69.jpg 3 0.61640625 0.5902777777777778 0.1140625 0.24444444444444444 0.9568514823913574
cam_13_00068_jpg.rf.2dd00032551f4e2d889d1d8cef5aae69.jpg 3 0.56953125 0.17847222222222223 0.0296875 0.06805555555555555 0.874517023563385
cam_13_00616_jpg.rf.17ff7ea55ea86ab0334dfcb5fb868550.jpg 0 0.240625 0.3159722222222222 0.0265625 0.09305555555555556 0.9595736265182495
cam_13_00616_jpg.rf.17ff7ea55ea86ab0334dfcb5fb868550.jpg 0 0.350390625 0.23125 0.02265625 0.05416666666666667 0.9547211527824402
cam_13_00616_jpg.rf.17ff7ea55ea86ab0334dfcb5fb868550.jpg 0 0.671875 0.2263888888888889 0.0171875 0.04722222222222222 0.9494287967681885
cam_13_00616_jpg.rf.17ff7ea55ea86ab0334dfcb5fb868550.jpg 0 0.6171875 0.20833333333333334 0.0109375 0.027777777777777776 0.20451191067695618
cam_13_00616_jpg.rf.17ff7ea55ea86ab0334dfcb5fb868550.jpg 0 0.766796875 0.3902777777777778 0.04453125 0.1111111111111111 0.0891055017709732
cam_13_00616_jpg.rf.17ff7ea55ea86ab0334dfcb5fb868550.jpg 1 0.62421875 0.36180555555555555 0.059375 0.09305555555555556 0.9482011198997498
cam_11_01143.jpg 0 0.444921875 0.48125 0.01953125 0.07916666666666666 0.8131620287895203
cam_11_01143.jpg 0 0.498046875 0.45416666666666666 0.01640625 0.06388888888888888 0.7591422200202942
cam_11_01143.jpg 0 0.363671875 0.5472222222222223 0.02109375 0.075 0.7182822823524475
cam_11_01143.jpg 0 0.479296875 0.4409722222222222 0.01484375 0.05694444444444444 0.7040213346481323
cam_11_01143.jpg 0 0.32109375 0.64375 0.0265625 0.10138888888888889 0.6469660997390747
cam_11_01143.jpg 0 0.253515625 0.8625 0.04609375 0.14722222222222223 0.3508893549442291
cam_11_01143.jpg 0 0.267578125 0.6756944444444445 0.03203125 0.09583333333333334 0.3195444345474243
cam_11_01143.jpg 0 0.13203125 0.8833333333333333 0.075 0.11666666666666667 0.16548772156238556
cam_11_01143.jpg 0 0.52890625 0.4756944444444444 0.0265625 0.0875 0.16264206171035767
cam_11_01143.jpg 0 0.989453125 0.9388888888888889 0.01953125 0.10555555555555556 0.15846139192581177
cam_11_01143.jpg 0 0.471484375 0.39166666666666666 0.01015625 0.03888888888888889 0.14141781628131866
cam_11_01143.jpg 0 0.521875 0.41180555555555554 0.015625 0.05416666666666667 0.13120804727077484
cam_11_01143.jpg 0 0.415234375 0.45069444444444445 0.01953125 0.0763888888888889 0.11918231099843979
cam_11_01143.jpg 0 0.488671875 0.3951388888888889 0.01171875 0.043055555555555555 0.11865629255771637
cam_11_01143.jpg 0 0.219140625 0.9055555555555556 0.04453125 0.13333333333333333 0.11825999617576599
cam_11_01143.jpg 0 0.24765625 0.8631944444444445 0.0578125 0.15416666666666667 0.0668608769774437
cam_11_01143.jpg 0 0.42578125 0.41458333333333336 0.0125 0.05416666666666667 0.06623969972133636
cam_11_01143.jpg 1 0.7125 0.875 0.096875 0.17222222222222222 0.07335606217384338
cam_11_01143.jpg 3 0.17421875 0.6784722222222223 0.1890625 0.1625 0.06273193657398224
cam_11_00193.jpg 0 0.363671875 0.55 0.02265625 0.08333333333333333 0.8103546500205994
cam_11_00193.jpg 0 0.43984375 0.5798611111111112 0.025 0.10972222222222222 0.7856965065002441
cam_11_00193.jpg 0 0.32109375 0.6409722222222223 0.028125 0.10138888888888889 0.7830777764320374
cam_11_00193.jpg 0 0.445703125 0.4909722222222222 0.02109375 0.07361111111111111 0.7420961260795593
cam_11_00193.jpg 0 0.5078125 0.44513888888888886 0.015625 0.0625 0.7348186373710632
cam_11_00193.jpg 0 0.575390625 0.5402777777777777 0.02421875 0.08888888888888889 0.7173725962638855
cam_11_00193.jpg 0 0.4125 0.44027777777777777 0.015625 0.058333333333333334 0.6188787221908569
cam_11_00193.jpg 0 0.451171875 0.42430555555555555 0.01640625 0.05138888888888889 0.581229031085968
cam_11_00193.jpg 0 0.456640625 0.4666666666666667 0.01484375 0.058333333333333334 0.5723726749420166
cam_11_00193.jpg 0 0.259765625 0.8527777777777777 0.03515625 0.13055555555555556 0.3472919464111328
cam_11_00193.jpg 0 0.5171875 0.42916666666666664 0.0125 0.05555555555555555 0.3469429910182953
cam_11_00193.jpg 0 0.26484375 0.6784722222222223 0.03125 0.10416666666666667 0.20206287503242493
cam_11_00193.jpg 0 0.43125 0.4048611111111111 0.0125 0.05138888888888889 0.16878938674926758
cam_11_00193.jpg 0 0.226953125 0.9125 0.05703125 0.16666666666666666 0.14581163227558136
cam_11_00193.jpg 0 0.418359375 0.42777777777777776 0.01171875 0.058333333333333334 0.1028350293636322
cam_11_00193.jpg 0 0.713671875 0.875 0.10234375 0.15833333333333333 0.057241041213274
cam_11_00193.jpg 0 0.253125 0.6826388888888889 0.0296875 0.09861111111111111 0.05211222916841507
cam_11_00193.jpg 1 0.713671875 0.875 0.10234375 0.15833333333333333 0.20965096354484558
cam_11_00193.jpg 1 0.226953125 0.9125 0.05703125 0.16666666666666666 0.08453331142663956
cam_11_00193.jpg 3 0.713671875 0.875 0.10234375 0.15833333333333333 0.05017730966210365
cam_13_00059_jpg.rf.451490cf6d3886da73f1f3badee1ec39.jpg 3 0.72265625 0.5354166666666667 0.128125 0.28194444444444444 0.968122124671936
cam_11_00796.jpg 0 0.436328125 0.8361111111111111 0.04765625 0.2 0.8542762994766235
cam_11_00796.jpg 0 0.517578125 0.5319444444444444 0.02265625 0.09166666666666666 0.8228470683097839
cam_11_00796.jpg 0 0.363671875 0.5465277777777777 0.02109375 0.07916666666666666 0.7796519994735718
cam_11_00796.jpg 0 0.661328125 0.7194444444444444 0.03359375 0.12222222222222222 0.774247407913208
cam_11_00796.jpg 0 0.49140625 0.4895833333333333 0.01875 0.07361111111111111 0.7716894149780273
cam_11_00796.jpg 0 0.48359375 0.44930555555555557 0.0171875 0.0625 0.7348368763923645
cam_11_00796.jpg 0 0.521484375 0.47291666666666665 0.01953125 0.0625 0.7315198183059692
cam_11_00796.jpg 0 0.320703125 0.6395833333333333 0.02890625 0.09861111111111111 0.4921233057975769
cam_11_00796.jpg 0 0.3921875 0.5375 0.0234375 0.08611111111111111 0.35246706008911133
cam_11_00796.jpg 0 0.25625 0.8659722222222223 0.0390625 0.14305555555555555 0.32946619391441345
cam_11_00796.jpg 0 0.989453125 0.9375 0.01953125 0.10833333333333334 0.26322031021118164
cam_11_00796.jpg 0 0.223046875 0.9201388888888888 0.05390625 0.15694444444444444 0.22428226470947266
cam_11_00796.jpg 0 0.41796875 0.43680555555555556 0.0203125 0.07083333333333333 0.2133691906929016
cam_11_00796.jpg 0 0.39375 0.4875 0.01875 0.06111111111111111 0.1767159253358841
cam_11_00796.jpg 0 0.439453125 0.4027777777777778 0.01484375 0.05277777777777778 0.16861647367477417
cam_11_00796.jpg 0 0.221484375 0.9465277777777777 0.05390625 0.10694444444444444 0.16031356155872345
cam_11_00796.jpg 0 0.63046875 0.6479166666666667 0.0296875 0.10416666666666667 0.15701335668563843
cam_11_00796.jpg 0 0.26484375 0.6736111111111112 0.0296875 0.09722222222222222 0.09259744733572006
cam_11_00796.jpg 0 0.7140625 0.8756944444444444 0.096875 0.16527777777777777 0.0736243799328804
cam_11_00796.jpg 0 0.07109375 0.9548611111111112 0.0671875 0.0875 0.06474126130342484
cam_11_00796.jpg 0 0.533984375 0.43333333333333335 0.01484375 0.06111111111111111 0.062270186841487885
cam_11_00796.jpg 0 0.99375 0.9381944444444444 0.0109375 0.1125 0.06151747703552246
cam_11_00796.jpg 0 0.9953125 0.9381944444444444 0.009375 0.11527777777777778 0.051000792533159256
cam_11_00796.jpg 1 0.7140625 0.8756944444444444 0.096875 0.16527777777777777 0.3526102602481842
cam_11_00796.jpg 1 0.3921875 0.5375 0.0234375 0.08611111111111111 0.07215189188718796
cam_11_00779.jpg 0 0.3640625 0.5451388888888888 0.021875 0.07361111111111111 0.7982233166694641
cam_11_00779.jpg 0 0.448828125 0.525 0.02109375 0.09166666666666666 0.7961724400520325
cam_11_00779.jpg 0 0.320703125 0.6423611111111112 0.02890625 0.10416666666666667 0.7279558181762695
cam_11_00779.jpg 0 0.257421875 0.8590277777777777 0.03984375 0.14583333333333334 0.4199018180370331
cam_11_00779.jpg 0 0.989453125 0.9388888888888889 0.01953125 0.10833333333333334 0.27482932806015015
cam_11_00779.jpg 0 0.625 0.6201388888888889 0.025 0.0875 0.2261054515838623
cam_11_00779.jpg 0 0.223046875 0.9194444444444444 0.05546875 0.15833333333333333 0.22371616959571838
cam_11_00779.jpg 0 0.53359375 0.4395833333333333 0.0171875 0.06527777777777778 0.12538444995880127
cam_11_00779.jpg 0 0.429296875 0.4826388888888889 0.02578125 0.06527777777777778 0.11247356981039047
cam_11_00779.jpg 0 0.264453125 0.675 0.02890625 0.1 0.09174545854330063
cam_11_00779.jpg 0 0.4984375 0.4041666666666667 0.0140625 0.05277777777777778 0.08189987391233444
cam_11_00779.jpg 0 0.44453125 0.4125 0.0140625 0.05 0.07527852058410645
cam_11_00779.jpg 0 0.99453125 0.9423611111111111 0.009375 0.1125 0.0567726269364357
cam_11_00779.jpg 0 0.62421875 0.5951388888888889 0.025 0.0763888888888889 0.05224883556365967
cam_11_00779.jpg 1 0.472265625 0.4388888888888889 0.04296875 0.07222222222222222 0.7551230788230896
cam_11_00779.jpg 1 0.69921875 0.86875 0.125 0.19583333333333333 0.09198780357837677
cam_11_00779.jpg 1 0.223046875 0.9194444444444444 0.05546875 0.15833333333333333 0.07033362239599228
